1 136.1510589057024 104.53869047619048 26.83269044126982 38.690476190476176
2 37.76452728771307 189.85615079365078 41.739740686419715 22.81746031746033
4 527.7095786783063 107.51488095238095 39.752133987066486 33.73015873015875
4 585.3501729595527 105.53075396825398 42.733544036096305 38.690476190476204
4 467 107 39.752133987066486 33.73015873015875
4 386 76 26.83269044126982 38.690476190476176
4 275 105 26.83269044126982 38.690476190476176
4 330 105 26.83269044126982 38.690476190476176
4 195 272 26.83269044126982 38.690476190476176
4 251 272 26.83269044126982 38.690476190476176
4 37 30 41.739740686419715 22.81746031746033
4 37 242 41.739740686419715 22.81746031746033
4 37 321 41.739740686419715 22.81746031746033
4 37 373 41.739740686419715 22.81746031746033
