1 212 42 22.827254680930082 16.312961658613347
1 261 42 22.827254680930082 16.312961658613347
1 363 83 22.827254680930082 16.312961658613347
1 327 84 22.827254680930082 16.312961658613347
1 26 92 22.827254680930082 16.312961658613347
1 67 92 22.827254680930082 16.312961658613347
1 107 92 22.827254680930082 16.312961658613347
1 148 92 22.827254680930082 16.312961658613347
1 326 138 22.827254680930082 16.312961658613347
1 356 138 22.827254680930082 16.312961658613347
1 171 151 22.827254680930082 16.312961658613347
1 81 151 22.827254680930082 16.312961658613347
1 237 151 22.827254680930082 16.312961658613347
1 68 249 22.827254680930082 16.312961658613347
1 153 249 22.827254680930082 16.312961658613347
1 49 273 22.827254680930082 16.312961658613347
1 135 273 22.827254680930082 16.312961658613347
1 240 385 22.827254680930082 16.312961658613347
1 154 386 22.827254680930082 16.312961658613347
1 67 387 22.827254680930082 16.312961658613347
1 48 409 22.827254680930082 16.312961658613347
1 221 409 22.827254680930082 16.312961658613347
1 137 410 22.827254680930082 16.312961658613347
1 479 414 22.827254680930082 16.312961658613347
