2 37 32 40.38312376012115 19.922318136831336
2 37 192 40.38312376012115 19.922318136831336
2 38 244 40.38312376012115 19.922318136831336
2 37 324 40.38312376012115 19.922318136831336
2 37 376 40.38312376012115 19.922318136831336
1 386 73 23.886157261477138 41.69168174592269
1 136 101 23.886157261477138 41.69168174592269
1 276 102 23.886157261477138 41.69168174592269
1 331 102 23.886157261477138 41.69168174592269
1 196 269 23.886157261477138 41.69168174592269
1 252 269 23.886157261477138 41.69168174592269
1 165 411 23.886157261477138 41.69168174592269
