1 59 24 18.906943154376307 21.838499962149996
1 96 24 18.906943154376307 21.838499962149996
1 504 45 18.906943154376307 21.838499962149996
1 535 45 18.906943154376307 21.838499962149996
1 569 45 18.906943154376307 21.838499962149996
1 600 45 18.906943154376307 21.838499962149996
1 635 45 18.906943154376307 21.838499962149996
1 59 63 18.906943154376307 21.838499962149996
1 96 64 18.906943154376307 21.838499962149996
1 560 111 18.906943154376307 21.838499962149996
1 610 111 18.906943154376307 21.838499962149996
1 668 111 18.906943154376307 21.838499962149996
1 187 190 18.906943154376307 21.838499962149996
1 219 190 18.906943154376307 21.838499962149996
1 253 190 18.906943154376307 21.838499962149996
1 285 190 18.906943154376307 21.838499962149996
1 215 261 18.906943154376307 21.838499962149996
1 259 261 18.906943154376307 21.838499962149996
1 294 261 18.906943154376307 21.838499962149996
1 329 261 18.906943154376307 21.838499962149996
1 392 261 18.906943154376307 21.838499962149996
1 186 261 18.906943154376307 21.838499962149996
1 37 350 18.906943154376307 21.838499962149996
1 190 366 18.906943154376307 21.838499962149996
1 289 366 18.906943154376307 21.838499962149996
2 502 301 21.758079232364082 15.67558679788334
2 486 317 21.758079232364082 15.67558679788334
2 544 317 21.758079232364082 15.67558679788334
2 598 326 21.758079232364082 15.67558679788334
2 661 326 21.758079232364082 15.67558679788334
2 75 357 21.758079232364082 15.67558679788334
3 221 85 21.43106173883342 31.897995877177237
1 486 367 12.936329526678549 16.875204516206793
1 608 373 12.936329526678549 16.875204516206793
1 552 375 12.936329526678549 16.875204516206793
1 669 380 12.936329526678549 16.875204516206793
1 486 395 12.936329526678549 16.875204516206793
1 607 398 12.936329526678549 16.875204516206793
1 669 404 12.936329526678549 16.875204516206793
1 486 425 12.936329526678549 16.875204516206793
1 607 426 12.936329526678549 16.875204516206793
1 669 433 12.936329526678549 16.875204516206793
1 486 453 12.936329526678549 16.875204516206793
