1 185 261 18.649782199169238 20.441424542294783
1 365 261 18.649782199169238 20.441424542294783
1 186 400 18.649782199169238 20.441424542294783
1 225 400 18.649782199169238 20.441424542294783
1 275 401 18.649782199169238 20.441424542294783
1 351 401 18.649782199169238 20.441424542294783
1 384 401 18.649782199169238 20.441424542294783
1 60 25 16.80782840172043 19.06335097764571
1 97 25 16.80782840172043 19.06335097764571
1 60 64 16.80782840172043 19.06335097764571
1 97 66 16.80782840172043 19.06335097764571
1 508 84 16.80782840172043 19.06335097764571
1 538 84 16.80782840172043 19.06335097764571
1 570 84 16.80782840172043 19.06335097764571
1 604 84 16.80782840172043 19.06335097764571
1 637 84 16.80782840172043 19.06335097764571
1 670 84 16.80782840172043 19.06335097764571
1 697 84 16.80782840172043 19.06335097764571
1 508 125 16.80782840172043 19.06335097764571
1 546 125 16.80782840172043 19.06335097764571
1 580 125 16.80782840172043 19.06335097764571
1 216 263 16.80782840172043 19.06335097764571
1 259 263 16.80782840172043 19.06335097764571
1 294 263 16.80782840172043 19.06335097764571
1 393 263 16.80782840172043 19.06335097764571
1 324 402 16.80782840172043 19.06335097764571
1 422 402 16.80782840172043 19.06335097764571
2 502 299 22.018415514468188 16.71200980663002
2 486 315 22.018415514468188 16.71200980663002
2 544 315 22.018415514468188 16.71200980663002
2 598 323 22.018415514468188 16.71200980663002
2 661 323 22.018415514468188 16.71200980663002
2 123 363 22.018415514468188 16.71200980663002
